Date,Tm,Opp,Rslt,Inngs,PA,AB,R,H,2B,3B,HR,RBI,BB,IBB,SO,HBP,SH,SF,ROE,GDP,SB,CS,BA,OBP,SLG,OPS,BOP,aLI,WPA,acLI,cWPA,RE24,DFS(DK),DFS(FD),Pos
Apr 7,LAA,HOU,L1-3,CG,4,4,0,0,0,0,0,0,0,0,1,0,0,0,0,0,0,0,.000,.000,.000,.000,1,1.02,-0.107,.97,-0.06%,-0.78,0.00,0.00,DH P
Apr 8,LAA,HOU,L6-13,CG,5,5,1,1,0,0,0,0,0,0,0,0,0,0,0,0,0,0,.111,.111,.111,.222,1,.62,-0.016,.59,-0.01%,-0.46,5.00,6.20,DH
Apr 9,LAA,HOU,W2-0,CG,4,4,0,0,0,0,0,0,0,0,3,0,0,0,0,0,0,0,.077,.077,.077,.154,1,.81,-0.118,.73,-0.06%,-1.35,0.00,0.00,DH
Apr 10,LAA,HOU,L1-4,CG,4,4,0,1,1,0,0,0,0,0,1,0,0,0,0,0,0,0,.118,.118,.176,.294,1,1.13,-0.010,1.06,-0.01%,0.19,5.00,6.00,DH
Apr 11,LAA,MIA,W6-2,CG,4,4,1,1,0,0,0,0,0,0,0,0,0,0,0,0,1,0,.143,.143,.190,.333,1,.63,0.036,.49,0.02%,0.01,10.00,12.20,DH
Apr 12,LAA,MIA,W4-3,CG,4,4,0,1,0,0,0,0,0,0,3,0,0,0,0,0,0,1,.160,.160,.200,.360,1,1.17,-0.070,.95,-0.03%,-0.53,3.00,3.00,DH
Apr 14,LAA,TEX,L5-10,CG,5,4,1,1,1,0,0,0,1,0,2,0,0,0,0,0,0,0,.172,.200,.241,.441,1,.63,-0.041,.61,-0.02%,0.15,9.00,12.20,DH P
Apr 15,LAA,TEX,W9-6,CG,5,5,2,2,0,0,2,3,0,0,2,0,0,0,0,0,0,0,.206,.229,.441,.670,1,.73,0.226,.69,0.13%,2.15,30.00,40.90,DH
Apr 16,LAA,TEX,W7-2,CG,5,5,3,2,0,0,1,3,0,0,1,0,0,0,1,0,1,0,.231,.250,.513,.763,1,1.11,0.165,1.11,0.10%,2.26,30.00,41.10,DH
Apr 17,LAA,TEX,W8-3,CG,5,5,1,1,0,0,0,1,0,0,2,0,0,0,1,0,0,0,.227,.244,.477,.722,1,.83,0.064,.84,0.04%,0.54,7.00,9.70,DH
Apr 18,LAA,HOU,L3-8,CG,4,3,0,1,0,0,0,0,1,1,1,0,0,0,0,0,0,0,.234,.265,.468,.733,1,1.36,0.033,1.48,0.02%,0.22,5.00,6.00,DH
Apr 19,LAA,HOU,W7-2,CG,5,4,0,0,0,0,0,0,1,0,1,0,0,0,0,0,0,0,.216,.259,.431,.691,1,.56,-0.015,.62,-0.01%,-0.65,2.00,3.00,DH
Apr 20,LAA,HOU,W6-0,CG,5,4,1,2,1,0,0,2,1,0,0,0,0,0,0,0,0,0,.236,.288,.455,.743,1,.50,0.108,.55,0.07%,2.01,16.00,22.20,DH P
Apr 22,LAA,BAL,L3-5,CG,4,4,0,0,0,0,0,0,0,0,3,0,0,0,0,1,0,0,.220,.270,.424,.694,1,1.14,-0.152,1.23,-0.10%,-1.07,0.00,0.00,DH
Apr 23,LAA,BAL,L4-5,CG,5,4,0,0,0,0,0,0,1,0,2,0,0,0,0,0,1,0,.206,.265,.397,.662,1,1.78,-0.116,1.91,-0.08%,-1.02,7.00,9.00,DH
Apr 24,LAA,BAL,W7-6,CG,5,4,2,3,0,0,0,0,1,0,0,0,0,0,0,0,0,1,.239,.301,.418,.719,1,.56,0.089,.56,0.06%,0.56,15.00,18.40,DH
Apr 25,LAA,CLE,W3-0,CG,4,4,0,0,0,0,0,0,0,0,2,0,0,0,0,0,0,0,.225,.286,.394,.680,2,.47,-0.047,.50,-0.03%,-0.56,0.00,0.00,DH
Apr 26,LAA,CLE,W4-1,CG,4,4,1,1,0,0,0,0,0,0,1,0,0,0,0,0,0,0,.227,.284,.387,.671,2,.47,-0.037,.50,-0.02%,-0.55,5.00,6.20,DH
Apr 27,LAA,CLE,W9-5,CG,5,5,1,3,1,0,0,1,0,0,0,0,0,0,0,0,0,0,.250,.302,.413,.715,2,.40,-0.012,.44,-0.01%,0.92,15.00,18.70,DH P
Apr 29,LAA,CHW,W5-1,CG,5,5,3,2,0,0,1,1,0,0,1,0,0,0,0,0,1,0,.259,.308,.447,.755,4,.58,0.064,.67,0.05%,0.44,26.00,34.10,DH
Apr 30,LAA,CHW,L0-4,CG,4,4,0,0,0,0,0,0,0,0,1,0,0,0,0,0,0,0,.247,.295,.427,.722,4,.51,-0.054,.60,-0.04%,-0.71,0.00,0.00,DH
May 1,LAA,CHW,W6-5,GS-9,4,3,0,0,0,0,0,1,1,0,0,0,0,0,0,1,0,0,.239,.293,.413,.706,3,.83,-0.016,.98,-0.01%,-1.66,4.00,6.50,DH
May 2,LAA,CHW,L0-3,8-8,1,1,0,0,0,0,0,0,0,0,0,0,0,0,0,0,0,0,.237,.290,.409,.699,9,.59,-0.017,.71,-0.01%,-0.23,0.00,0.00,PH
May 3,LAA,BOS,L0-4,CG,4,4,0,1,0,0,0,0,0,0,1,0,0,0,0,0,0,0,.237,.288,.402,.691,3,.74,-0.009,.87,-0.01%,-0.15,3.00,3.00,DH
May 4,LAA,BOS,W10-5,CG(10),5,3,1,0,0,0,0,0,2,0,1,0,0,0,0,0,0,0,.230,.294,.390,.684,3,1.35,0.060,1.55,0.04%,0.15,6.00,9.20,DH
May 5,LAA,BOS,W8-0,CG,4,4,1,2,0,0,0,1,0,0,0,0,0,0,0,0,0,0,.240,.301,.394,.695,3,.95,0.043,1.12,0.03%,1.32,10.00,12.70,DH P
May 6,LAA,WSN,W3-0,CG,4,3,0,0,0,0,0,1,1,1,1,0,0,0,0,0,0,0,.234,.299,.383,.682,3,.72,-0.042,.80,-0.03%,-0.58,4.00,6.50,DH
May 7,LAA,WSN,L3-7,CG,4,4,0,1,0,0,0,0,0,0,0,0,0,0,0,0,0,0,.234,.298,.378,.676,3,.89,-0.064,1.04,-0.05%,-0.63,3.00,3.00,DH
May 8,LAA,WSN,W5-4,CG,5,4,1,1,1,0,0,2,1,0,1,0,0,0,0,0,0,0,.235,.302,.383,.684,3,1.81,0.457,2.05,0.31%,1.48,13.00,19.20,DH
May 9,LAA,TBR,W11-3,CG,4,4,3,3,0,0,2,5,0,0,0,0,0,0,0,0,0,0,.252,.315,.445,.761,3,.55,0.070,.69,0.05%,3.45,39.00,54.10,DH
May 10,LAA,TBR,W12-0,CG,5,5,1,2,1,0,0,0,0,0,0,0,0,0,0,0,0,0,.258,.319,.452,.770,3,.40,-0.005,.50,0.00%,0.25,10.00,12.20,DH
May 11,LAA,TBR,L2-4,CG(10),4,4,0,1,0,0,0,0,0,0,1,0,0,0,0,0,1,0,.258,.317,.445,.762,3,.98,-0.032,1.24,-0.02%,-0.08,8.00,9.00,DH P
May 13,LAA,OAK,W2-0,CG,4,4,0,0,0,0,0,0,0,0,1,0,0,0,0,0,0,0,.250,.308,.432,.740,3,.59,-0.058,.75,-0.04%,-0.74,0.00,0.00,DH
May 14 (1),LAA,OAK,L3-4,CG,5,4,0,2,1,0,0,1,1,0,0,0,0,0,0,0,0,0,.257,.318,.441,.759,3,1.03,-0.018,1.27,-0.01%,0.17,12.00,15.50,DH
May 14 (2),LAA,OAK,W9-1,CG,5,5,1,1,0,0,1,2,0,0,0,0,0,0,0,1,0,0,.255,.314,.454,.768,3,.35,-0.035,.45,-0.03%,-0.10,16.00,22.20,DH
May 15,LAA,OAK,W4-1,CG,4,3,1,2,0,0,1,2,1,1,0,0,0,0,0,0,0,1,.264,.325,.479,.804,3,.94,0.175,1.17,0.13%,1.75,21.00,28.20,DH
May 16,LAA,TEX,L4-7,CG,4,4,1,1,1,0,0,1,0,0,3,0,0,0,0,0,0,0,.264,.323,.480,.803,3,.88,0.054,1.09,0.04%,0.73,9.00,12.70,DH
May 17,LAA,TEX,L5-10,GS-9,5,5,0,1,0,0,0,0,0,0,2,0,0,0,0,0,0,0,.261,.319,.471,.790,3,1.17,-0.138,1.47,-0.10%,-1.02,3.00,3.00,DH
May 18,LAA,TEX,L5-6,CG(10),5,5,0,0,0,0,0,0,0,0,2,0,0,0,0,1,0,0,.253,.310,.456,.766,3,1.35,-0.194,1.69,-0.15%,-1.68,0.00,0.00,DH P
May 20,LAA,OAK,L2-4,CG,4,3,1,0,0,0,0,0,1,0,3,0,0,0,0,0,1,0,.248,.309,.447,.756,3,.78,-0.055,.96,-0.04%,-0.48,9.00,12.20,DH
May 21,LAA,OAK,W5-3,CG,4,4,1,2,0,0,0,0,0,0,0,0,0,0,0,0,0,0,.255,.313,.448,.761,1,.56,0.053,.66,0.04%,0.43,8.00,9.20,DH
May 22,LAA,OAK,W4-1,CG,5,5,1,2,0,0,1,1,0,0,0,0,0,0,0,0,0,0,.259,.315,.465,.780,1,.62,-0.045,.75,-0.03%,-0.76,17.00,21.70,DH
May 24,LAA,TEX,W5-3,CG,4,2,0,0,0,0,0,0,1,0,1,1,0,0,0,0,0,0,.256,.319,.459,.778,1,.44,-0.007,.55,-0.01%,-0.09,4.00,6.00,DH
May 25,LAA,TEX,L2-7,CG,4,3,1,0,0,0,0,0,1,0,2,0,0,0,0,0,1,0,.251,.318,.451,.769,1,.81,0.016,1.03,0.01%,-0.08,9.00,12.20,DH
May 26,LAA,TOR,L3-6,GS-8,3,2,0,0,0,0,0,1,1,0,1,0,0,0,0,0,0,0,.249,.318,.446,.764,3,1.24,0.020,1.51,0.02%,0.34,4.00,6.50,DH P
May 27,LAA,TOR,L3-4,9-GF,1,1,0,0,0,0,0,0,0,0,1,0,0,0,0,0,0,0,.247,.316,.444,.760,8,1.77,-0.045,2.26,-0.03%,-0.10,0.00,0.00,PH
May 28,LAA,TOR,L5-6,CG,5,4,1,0,0,0,0,0,0,0,1,1,0,0,0,0,0,0,.242,.313,.434,.747,2,1.30,-0.033,1.58,-0.02%,-0.46,4.00,6.20,DH
May 29,LAA,TOR,L10-11,CG,5,3,2,2,0,0,2,3,1,0,1,1,0,0,0,0,0,0,.249,.325,.470,.796,2,.94,0.298,1.18,0.22%,3.01,34.00,46.90,DH
May 31,LAA,NYY,L1-9,CG,4,4,0,1,1,0,0,0,0,0,1,0,0,0,0,0,0,0,.249,.324,.471,.795,2,.38,-0.032,.42,-0.02%,-0.96,5.00,6.00,DH
Jun 2 (1),LAA,NYY,L1-6,CG,5,5,0,1,0,0,0,0,0,0,2,0,0,0,0,0,0,0,.247,.321,.464,.785,2,.47,-0.049,.51,-0.03%,-1.12,3.00,3.00,DH P
Jun 2 (2),LAA,NYY,L1-2,CG,4,3,0,0,0,0,0,0,1,0,1,0,0,0,0,0,0,0,.244,.320,.457,.776,2,.98,-0.020,.99,-0.01%,-0.34,2.00,3.00,DH
Jun 3,LAA,PHI,L0-10,CG,4,3,0,0,0,0,0,0,1,0,2,0,0,0,0,0,0,0,.240,.318,.450,.768,2,.45,-0.027,.43,-0.02%,-0.62,2.00,3.00,DH
Jun 4,LAA,PHI,L2-7,CG,4,2,1,1,0,0,0,0,2,0,0,0,0,0,0,0,0,1,.243,.326,.450,.776,2,.56,0.036,.50,0.02%,0.57,9.00,12.20,DH
Jun 5,LAA,PHI,L7-9,CG,5,5,1,1,1,0,0,0,0,0,2,0,0,0,0,0,0,0,.242,.323,.449,.773,2,.68,0.083,.60,0.04%,0.38,7.00,9.20,DH
Jun 6,LAA,BOS,L0-1,CG,4,4,0,1,0,0,0,0,0,0,1,0,0,0,0,0,0,0,.242,.322,.445,.768,2,1.43,-0.110,1.24,-0.06%,-0.39,3.00,3.00,DH
Jun 7,LAA,BOS,L5-6,CG(10),5,4,1,1,1,0,0,0,1,1,1,0,0,0,0,0,0,0,.242,.324,.447,.770,2,1.53,-0.048,1.25,-0.02%,-0.30,9.00,12.20,DH
Jun 8,LAA,BOS,L0-1,CG,4,4,0,1,0,0,0,0,0,0,2,0,0,0,0,0,0,0,.242,.322,.443,.765,1,.91,-0.038,.67,-0.02%,-0.30,3.00,3.00,DH
Jun 9,LAA,BOS,W5-2,CG,4,4,1,2,0,0,1,2,0,0,2,0,0,0,0,0,0,0,.247,.325,.457,.783,2,.88,0.245,.58,0.10%,1.74,19.00,25.20,DH P
Jun 10,LAA,NYM,L3-7,CG,4,4,0,1,0,0,0,0,0,0,0,0,0,0,0,0,0,0,.247,.324,.454,.778,2,.84,-0.030,.57,-0.01%,-0.38,3.00,3.00,DH
Jun 11,LAA,NYM,W11-6,CG,5,4,3,3,1,0,1,3,1,0,1,0,0,0,0,0,0,0,.255,.333,.476,.810,3,.40,0.215,.25,0.08%,3.34,32.00,44.10,DH
Jun 14,LAA,LAD,L0-2,CG,4,4,0,2,1,0,0,0,0,0,0,0,0,0,0,0,0,1,.260,.336,.481,.817,3,1.36,0.064,.84,0.02%,0.17,8.00,9.00,DH
Jun 15,LAA,LAD,L1-4,CG,4,4,1,1,0,1,0,0,0,0,2,0,0,0,0,0,0,0,.259,.335,.485,.820,3,.65,-0.051,.34,-0.02%,-0.11,10.00,12.20,DH
Jun 16,LAA,SEA,W4-1,CG,4,4,0,2,0,0,0,0,0,0,0,0,0,0,0,0,0,0,.263,.337,.486,.823,3,.47,-0.012,.25,0.00%,-0.13,6.00,6.00,DH P
Jun 18 (1),LAA,SEA,W4-2,CG(10),5,5,0,0,0,0,0,0,0,0,1,0,0,0,0,0,0,0,.258,.331,.476,.807,3,1.11,-0.088,.56,-0.03%,-0.95,0.00,0.00,DH
Jun 18 (2),LAA,SEA,W3-0,CG,4,4,0,0,0,0,0,0,0,0,2,0,0,0,0,0,0,0,.254,.326,.468,.794,3,.55,-0.052,.28,-0.02%,-0.60,0.00,0.00,DH
Jun 19,LAA,SEA,W4-0,CG,4,4,0,0,0,0,0,0,0,0,1,0,0,0,0,0,0,0,.250,.322,.461,.782,3,.48,-0.048,.31,-0.02%,-0.79,0.00,0.00,DH
Jun 20,LAA,KCR,L2-6,CG,4,2,0,1,0,0,0,0,2,0,0,0,0,0,0,0,0,0,.252,.328,.461,.789,3,.65,0.062,.44,0.03%,0.48,7.00,9.00,DH
Jun 21,LAA,KCR,L11-12,CG(11),6,4,2,3,0,0,2,8,0,0,0,0,0,2,0,0,0,0,.260,.331,.489,.820,3,2.19,0.480,1.40,0.18%,4.38,43.00,61.40,DH
Jun 22,LAA,KCR,W5-0,CG,5,3,0,1,0,0,0,0,2,0,2,0,0,0,0,0,0,0,.260,.336,.487,.822,2,.76,0.072,.41,0.02%,0.25,7.00,9.00,DH P
Jun 24,LAA,SEA,L3-4,CG,4,3,0,1,0,0,0,1,1,0,1,0,0,0,0,0,0,0,.261,.338,.485,.823,3,1.70,-0.051,1.01,-0.02%,0.07,7.00,9.50,DH
Jun 25,LAA,SEA,L3-5,CG,5,4,1,1,0,0,1,1,1,1,1,0,0,0,0,0,0,0,.261,.339,.493,.831,3,1.49,0.000,.78,0.00%,0.36,16.00,21.70,DH
Jun 26,LAA,SEA,W2-1,CG,4,2,0,0,0,0,0,0,2,0,0,0,0,0,0,0,0,0,.259,.341,.489,.830,3,1.94,-0.060,.85,-0.02%,-0.28,4.00,6.00,DH
Jun 27,LAA,CHW,W4-3,CG,4,3,0,1,0,0,0,0,1,1,2,0,0,0,0,0,1,0,.260,.343,.487,.830,3,.76,-0.019,.37,-0.01%,-0.08,10.00,12.00,DH
Jun 28,LAA,CHW,L4-11,CG,4,3,1,3,2,0,1,2,1,0,0,0,0,0,0,0,0,0,.268,.351,.511,.862,3,.33,0.129,.18,0.04%,2.34,28.00,37.20,DH
Jun 29,LAA,CHW,W4-1,CG,4,3,0,0,0,0,0,0,1,0,2,0,0,0,0,0,0,0,.265,.350,.505,.855,3,.47,0.002,.22,0.00%,-0.12,2.00,3.00,DH P
Jul 1,LAA,HOU,L1-8,CG,3,3,1,1,0,0,1,1,0,0,0,0,0,0,0,0,0,0,.266,.350,.514,.864,3,.20,0.101,.11,0.03%,0.69,14.00,18.70,DH
Jul 2,LAA,HOU,L1-9,CG,4,4,0,0,0,0,0,0,0,0,0,0,0,0,0,0,0,0,.262,.345,.507,.852,3,.51,-0.049,.24,-0.01%,-0.83,0.00,0.00,DH
Jul 3,LAA,HOU,L2-4,CG,4,4,0,1,0,0,0,1,0,0,2,0,0,0,0,0,0,0,.262,.344,.503,.848,3,1.39,0.030,.57,0.01%,0.61,5.00,6.50,DH
Jul 5,LAA,MIA,L1-2,CG,4,3,0,0,0,0,0,0,1,0,0,0,0,0,0,0,1,0,.259,.343,.498,.842,3,1.79,0.057,.56,0.01%,0.26,7.00,9.00,DH
Jul 6,LAA,MIA,W5-2,CG,5,4,1,1,0,0,0,2,1,0,1,0,0,0,0,0,1,0,.259,.344,.495,.839,3,1.24,0.205,.36,0.04%,1.57,16.00,22.20,DH P
Jul 7,LAA,BAL,L1-4,CG,4,3,0,0,0,0,0,0,1,0,1,0,0,0,0,0,0,0,.257,.343,.490,.833,3,.85,-0.023,.31,-0.01%,-0.15,2.00,3.00,DH
Jul 8,LAA,BAL,L4-5,CG,5,5,1,3,0,0,1,1,0,0,0,0,0,0,0,0,0,1,.262,.347,.502,.848,3,.58,0.055,.19,0.01%,0.52,20.00,24.70,DH
Jul 9,LAA,BAL,L0-1,CG,4,3,0,0,0,0,0,0,1,0,1,0,0,0,0,0,0,0,.260,.346,.497,.842,3,1.19,-0.094,.34,-0.02%,-0.55,2.00,3.00,DH
Jul 10,LAA,BAL,L5-9,CG,4,4,0,0,0,0,0,0,0,0,2,0,0,0,0,0,0,0,.256,.342,.491,.832,3,.38,-0.036,.09,-0.01%,-0.68,0.00,0.00,DH
Jul 12,LAA,HOU,L5-6,CG,4,2,0,0,0,0,0,0,2,0,1,0,0,0,0,0,0,0,.255,.343,.487,.831,3,1.27,0.024,.22,0.00%,0.21,4.00,6.00,DH
Jul 13,LAA,HOU,W7-1,CG,5,4,1,2,0,1,0,2,1,0,2,0,0,0,0,0,0,0,.258,.347,.494,.841,1,.72,0.178,.10,0.01%,1.94,19.00,25.20,DH P
Jul 14,LAA,HOU,L2-3,CG(10),5,3,1,1,0,0,0,0,2,1,0,0,0,0,0,0,0,0,.258,.350,.492,.843,2,1.27,0.033,.17,0.00%,0.34,9.00,12.20,DH
Jul 15,LAA,LAD,L1-9,CG,4,4,0,0,0,0,0,0,0,0,2,0,0,0,0,0,0,0,.255,.347,.486,.833,2,.36,-0.036,.05,0.00%,-0.56,0.00,0.00,DH
Jul 16,LAA,LAD,L1-7,CG,4,4,0,2,0,0,0,0,0,0,0,0,0,0,1,0,0,0,.258,.348,.486,.835,2,.57,0.001,.05,0.00%,1.13,6.00,6.00,DH
Jul 22,LAA,ATL,L1-8,CG,4,3,0,0,0,0,0,0,0,0,2,1,0,0,0,0,0,0,.256,.347,.482,.829,1,1.10,-0.063,.06,0.00%,-0.46,2.00,3.00,DH P
Jul 23,LAA,ATL,L2-7,CG,4,4,1,2,0,0,1,1,0,0,0,0,0,0,0,0,0,0,.259,.349,.491,.840,1,.38,0.010,.02,0.00%,0.78,17.00,21.70,DH
Jul 24,LAA,ATL,W9-1,CG,5,4,1,0,0,0,0,0,1,0,0,0,0,0,0,0,0,0,.256,.347,.485,.832,1,.35,-0.030,.01,0.00%,-1.13,4.00,6.20,DH
Jul 25,LAA,KCR,L0-7,CG,4,4,0,1,1,0,0,0,0,0,1,0,0,0,0,0,0,0,.256,.346,.486,.831,1,1.20,-0.099,.06,0.00%,-0.97,5.00,6.00,DH
Jul 26,LAA,KCR,W6-0,CG,5,3,2,1,0,0,1,1,2,1,1,0,0,0,0,0,1,0,.256,.349,.493,.842,1,.79,0.038,.03,0.00%,0.88,25.00,33.90,DH
Jul 27,LAA,KCR,W4-0,CG,5,3,0,1,0,0,0,1,2,1,1,0,0,0,0,0,0,0,.257,.352,.492,.844,1,.70,0.041,.04,0.00%,0.52,9.00,12.50,DH
Jul 28,LAA,TEX,L0-2,CG,4,4,0,0,0,0,0,0,0,0,0,0,0,0,0,0,0,0,.254,.349,.486,.835,1,1.06,-0.106,.06,0.00%,-0.87,0.00,0.00,DH P
Jul 29,LAA,TEX,L2-7,CG,4,4,0,0,0,0,0,0,0,0,1,0,0,0,0,0,0,0,.251,.345,.481,.826,2,1.46,-0.138,.06,0.00%,-0.88,0.00,0.00,DH
Jul 30,LAA,TEX,W9-7,CG,5,4,2,1,0,0,1,3,1,1,0,0,0,0,0,0,0,0,.251,.346,.486,.832,1,1.97,0.157,.07,0.00%,1.19,22.00,31.90,DH
Jul 31,LAA,TEX,L2-5,CG,4,2,1,2,0,1,0,0,2,0,0,0,0,0,0,0,0,1,.255,.352,.495,.847,2,.97,0.132,.04,0.00%,1.10,17.00,21.20,DH
Aug 2,LAA,OAK,W3-1,CG,4,4,0,1,1,0,0,0,0,0,0,0,0,0,0,0,0,0,.255,.351,.495,.846,2,.42,-0.020,.01,0.00%,-0.40,5.00,6.00,DH
Aug 3,LAA,OAK,L1-3,GS-7,3,3,0,0,0,0,0,0,0,0,1,0,0,0,0,0,0,0,.253,.349,.491,.839,2,1.42,-0.149,.04,0.00%,-1.26,0.00,0.00,DH P
Aug 4,LAA,OAK,L7-8,CG,5,5,2,3,0,0,2,2,0,0,1,0,0,0,0,0,0,0,.258,.352,.508,.859,2,1.26,0.091,.03,0.00%,1.93,31.00,40.40,DH
Aug 5,LAA,SEA,W4-3,CG(10),5,5,0,1,0,0,0,0,0,0,4,0,0,0,0,0,0,0,.257,.350,.504,.854,2,.86,-0.026,.02,0.00%,-0.35,3.00,3.00,DH
Aug 6 (1),LAA,SEA,L1-2,CG,4,4,0,0,0,0,0,0,0,0,1,0,0,0,0,0,0,0,.254,.347,.499,.845,2,1.13,-0.112,.02,0.00%,-0.84,0.00,0.00,DH
Aug 6 (2),LAA,SEA,W7-1,CG,5,3,0,0,0,0,0,1,1,0,1,0,0,1,0,0,0,0,.253,.345,.495,.840,2,.44,-0.025,.01,0.00%,-0.52,4.00,6.50,DH
Aug 7,LAA,SEA,L3-6,CG,4,4,0,1,0,0,0,0,0,0,1,0,0,0,0,0,0,0,.253,.344,.492,.837,2,.54,-0.036,.01,0.00%,-0.33,3.00,3.00,DH
Aug 9,LAA,OAK,W5-1,GS-8,4,3,2,2,0,0,1,1,1,0,0,0,0,0,0,0,0,0,.256,.348,.501,.849,2,.77,0.070,.01,0.00%,1.43,21.00,27.90,DH P
Aug 10,LAA,OAK,W5-4,CG(12),5,4,0,1,0,0,0,0,1,1,2,0,0,0,0,0,0,0,.256,.348,.499,.847,2,1.80,-0.094,.03,0.00%,-0.49,5.00,6.00,DH
Aug 12,LAA,MIN,L0-4,CG,4,4,0,0,0,0,0,0,0,0,2,0,0,0,0,0,0,0,.253,.345,.494,.839,2,1.04,-0.104,.03,0.00%,-1.18,0.00,0.00,DH
Aug 13,LAA,MIN,W5-3,CG(11),5,4,1,1,0,0,1,1,1,1,0,0,0,0,0,0,0,0,.253,.346,.499,.845,2,1.61,-0.034,.03,0.00%,0.63,16.00,21.70,DH
Aug 14,LAA,MIN,W4-2,CG,4,2,1,1,0,0,0,1,2,0,1,0,0,0,0,0,0,1,.254,.349,.499,.848,2,.86,0.099,.02,0.00%,1.23,11.00,15.70,DH
Aug 15,LAA,SEA,L2-6,CG,4,4,0,1,0,0,0,0,0,0,1,0,0,0,0,0,0,0,.254,.349,.496,.845,2,1.46,-0.030,.05,0.00%,-0.42,3.00,3.00,DH P
Aug 16,LAA,SEA,L2-8,CG,4,4,0,3,0,1,0,0,0,0,1,0,0,0,0,0,0,0,.259,.352,.504,.855,2,.95,0.105,.02,0.00%,0.96,14.00,15.00,DH
Aug 17,LAA,SEA,L7-11,CG,5,5,2,4,0,1,1,4,0,0,1,0,0,0,0,0,0,0,.265,.356,.519,.875,2,.57,0.064,.01,0.00%,4.10,36.00,47.40,DH
Aug 19,LAA,DET,W1-0,CG,4,3,0,0,0,0,0,0,1,0,2,0,0,0,0,0,0,0,.263,.356,.515,.871,1,.64,-0.044,.00,0.00%,-0.40,2.00,3.00,DH
Aug 20,LAA,DET,L3-4,CG,4,4,1,2,1,0,0,0,0,0,2,0,0,0,0,0,0,0,.266,.357,.517,.874,1,.73,0.029,.00,0.00%,0.49,10.00,12.20,DH
Aug 21,LAA,DET,L0-4,GS-5,2,1,0,0,0,0,0,0,1,0,1,0,0,0,0,0,0,0,.265,.357,.516,.873,3,1.79,-0.017,.01,0.00%,-0.07,2.00,3.00,DH P
Aug 22,LAA,TBR,L1-2,6-6,1,1,0,0,0,0,0,0,0,0,1,0,0,0,0,0,0,0,.264,.357,.515,.872,8,2.81,-0.070,.01,0.00%,-0.41,0.00,0.00,PH
Aug 23,LAA,TBR,L1-11,GS-8,3,3,0,1,0,0,0,0,0,0,0,0,0,0,0,0,0,0,.265,.356,.514,.870,3,.81,-0.038,.00,0.00%,-0.24,3.00,3.00,DH
Aug 24,LAA,TBR,L3-4,CG(11),5,4,1,0,0,0,0,0,1,0,3,0,0,0,0,0,0,0,.262,.355,.509,.864,3,1.16,-0.019,.00,0.00%,-0.34,4.00,6.20,DH
Aug 25,LAA,TBR,L3-8,CG,4,4,1,1,1,0,0,1,0,0,2,0,0,0,0,0,0,0,.262,.354,.509,.863,2,.47,-0.038,.00,0.00%,0.43,9.00,12.70,DH
Aug 26,LAA,TOR,W12-0,CG,5,5,1,1,0,1,0,2,0,0,1,0,0,0,0,0,0,0,.262,.353,.510,.863,3,.64,0.047,.00,0.00%,0.41,14.00,19.20,DH
Aug 27,LAA,TOR,W2-0,CG,4,2,0,0,0,0,0,0,2,0,1,0,0,0,0,0,0,0,.260,.354,.508,.861,3,1.36,0.029,.00,0.00%,0.37,4.00,6.00,DH P
Aug 28,LAA,TOR,W8-3,CG,5,4,2,3,0,0,1,2,1,0,0,0,0,0,0,0,0,0,.265,.358,.516,.874,3,.37,0.084,.00,0.00%,2.13,26.00,34.40,DH
Aug 29,LAA,NYY,W4-3,CG,4,4,1,2,0,0,1,2,0,0,1,0,0,0,0,1,0,0,.267,.359,.523,.882,3,1.05,0.195,.00,0.00%,1.40,19.00,25.20,DH
Aug 30,LAA,NYY,L4-7,CG,4,4,1,2,1,0,0,0,0,0,2,0,0,0,0,0,0,1,.269,.360,.525,.885,3,.38,-0.017,.00,0.00%,-0.02,10.00,12.20,DH
Aug 31,LAA,NYY,W3-2,CG,4,4,1,1,0,0,1,3,0,0,1,0,0,0,0,0,0,0,.269,.359,.529,.888,3,1.35,0.358,.00,0.00%,1.82,18.00,25.70,DH
Sep 2,LAA,HOU,L2-4,CG,5,4,0,1,0,0,0,0,1,0,2,0,0,0,0,0,0,0,.268,.360,.526,.886,3,1.47,-0.076,.00,0.00%,-0.33,5.00,6.00,DH
Sep 3,LAA,HOU,W2-1,CG(12),5,4,0,0,0,0,0,0,1,1,0,0,0,0,0,0,0,0,.266,.358,.522,.880,3,1.60,-0.115,.00,0.00%,-0.64,2.00,3.00,DH P
Sep 5,LAA,DET,W10-0,CG,5,5,3,3,1,0,2,3,0,0,1,0,0,0,0,0,0,0,.270,.360,.537,.898,3,.42,0.192,.00,0.00%,2.95,37.00,50.10,DH
Sep 6,LAA,DET,W5-4,CG(10),4,4,0,0,0,0,0,0,0,0,1,0,0,0,0,0,0,0,.267,.358,.533,.891,3,.78,-0.077,.00,0.00%,-0.56,0.00,0.00,DH
Sep 7,LAA,DET,L4-5,CG,5,5,1,1,0,0,1,1,0,0,4,0,0,0,0,0,0,0,.267,.356,.536,.892,3,1.72,0.004,.00,0.00%,-0.64,14.00,18.70,DH
Sep 9,LAA,HOU,L3-4,CG,4,4,0,1,1,0,0,0,0,0,1,0,0,0,0,0,0,0,.267,.356,.535,.891,3,.78,-0.007,.00,0.00%,-0.07,5.00,6.00,DH
Sep 10,LAA,HOU,W6-1,GS-9,4,4,0,0,0,0,0,0,0,0,1,0,0,0,0,0,0,0,.265,.353,.531,.884,3,.45,-0.044,.00,0.00%,-0.86,0.00,0.00,DH P
Sep 11,LAA,HOU,L4-12,CG,5,4,1,2,1,0,1,2,1,0,0,0,0,0,0,0,0,0,.266,.355,.539,.894,2,.60,0.119,.00,0.00%,1.54,23.00,31.20,DH
Sep 12,LAA,CLE,L4-5,CG,4,3,0,1,0,0,0,0,1,0,0,0,0,0,0,0,0,0,.267,.356,.538,.894,3,.78,0.043,.00,0.00%,0.05,5.00,6.00,DH
Sep 13,LAA,CLE,L1-3,CG,4,3,0,0,0,0,0,0,1,0,1,0,0,0,0,0,0,0,.265,.356,.534,.890,3,.90,-0.066,.00,0.00%,-0.65,2.00,3.00,DH
Sep 14,LAA,CLE,L3-5,CG,4,4,0,1,1,0,0,0,0,0,1,0,0,0,0,0,0,0,.265,.355,.534,.889,3,.69,0.004,.00,0.00%,-0.31,5.00,6.00,DH
Sep 16,LAA,SEA,W8-7,CG,4,4,1,1,1,0,0,0,0,0,1,0,0,0,0,0,0,0,.265,.354,.534,.888,3,.60,0.046,.00,0.00%,0.24,7.00,9.20,DH
Sep 17,LAA,SEA,W2-1,CG,3,2,1,1,1,0,0,1,1,0,0,0,0,0,0,0,0,0,.266,.356,.536,.891,3,.99,0.185,.00,0.00%,1.88,11.00,15.70,DH P
Sep 18,LAA,SEA,W5-1,CG,4,3,0,1,0,0,0,0,1,0,1,0,0,0,0,0,0,0,.266,.357,.534,.891,3,.39,0.022,.00,0.00%,0.06,5.00,6.00,DH
Sep 19,LAA,SEA,L1-9,CG,4,4,1,2,1,0,0,0,0,0,2,0,0,0,0,0,0,0,.268,.358,.536,.894,2,.56,-0.024,.00,0.00%,0.41,10.00,12.20,DH
Sep 20,LAA,TEX,W5-2,CG,4,4,1,1,0,0,0,0,0,0,1,0,0,0,0,0,0,0,.268,.357,.534,.891,3,.60,0.027,.00,0.00%,-0.04,5.00,6.20,DH
Sep 21,LAA,TEX,L2-7,CG,4,4,1,2,0,0,0,0,0,0,1,0,0,0,0,0,0,0,.270,.358,.534,.892,3,.90,0.048,.00,0.00%,-0.08,8.00,9.20,DH
Sep 22,LAA,TEX,L3-5,9-GF,1,1,0,1,1,0,0,0,0,0,0,0,0,0,0,0,0,0,.271,.359,.536,.895,9,.90,0.058,.00,0.00%,0.41,5.00,6.00,PH
Sep 23,LAA,MIN,W4-2,CG,4,4,0,1,0,0,0,1,0,0,0,0,0,0,0,0,0,0,.271,.358,.534,.893,3,1.12,0.055,.00,0.00%,0.35,5.00,6.50,DH P
Sep 24,LAA,MIN,L4-8,CG,5,5,0,1,0,0,0,2,0,0,0,0,0,0,1,0,0,0,.270,.357,.531,.888,3,.75,0.165,.00,0.00%,0.87,7.00,10.00,DH
Sep 25,LAA,MIN,W10-3,CG,5,5,2,2,0,0,0,1,0,0,0,0,0,0,0,0,0,0,.271,.357,.530,.887,3,.68,0.090,.00,0.00%,1.10,12.00,15.90,DH
Sep 27,LAA,OAK,W4-3,CG,4,4,0,2,1,0,0,0,0,0,1,0,0,0,0,0,0,0,.273,.358,.532,.890,3,.93,0.004,.00,0.00%,0.21,8.00,9.00,DH
Sep 28,LAA,OAK,W4-1,CG,4,4,1,1,0,0,0,0,0,0,1,0,0,0,0,0,0,0,.273,.357,.530,.887,3,.88,0.072,.00,0.00%,0.45,5.00,6.20,DH
Sep 29,LAA,OAK,W4-2,CG,4,4,0,2,0,0,0,1,0,0,1,0,0,0,0,0,0,0,.275,.358,.529,.888,3,.62,0.031,.00,0.00%,0.48,8.00,9.50,DH P
Sep 30,LAA,TEX,W4-1,CG,4,4,0,2,0,0,0,0,0,0,1,0,0,0,0,0,0,0,.276,.359,.529,.888,3,.69,-0.038,.00,0.00%,-0.46,6.00,6.00,DH
Oct 1,LAA,TEX,W3-2,CG,4,4,0,1,0,0,0,0,0,0,1,0,0,0,0,0,0,0,.276,.359,.527,.886,2,.83,-0.051,.00,0.00%,-0.36,3.00,3.00,DH
Oct 2,LAA,TEX,W8-3,CG,5,5,1,1,0,0,0,0,0,0,2,0,0,0,0,1,0,0,.275,.357,.524,.882,3,.31,0.026,.00,0.00%,-0.81,5.00,6.20,DH
Oct 3,LAA,OAK,L4-5,CG(10),5,4,1,1,1,0,0,1,1,1,3,0,0,0,0,0,0,0,.275,.358,.524,.882,3,1.36,0.069,.00,0.00%,0.55,11.00,15.70,DH
Oct 4,LAA,OAK,L1-2,CG(10),5,4,0,0,0,0,0,0,0,0,1,1,0,0,0,0,0,0,.273,.356,.521,.877,3,2.29,-0.225,.00,0.00%,-1.06,2.00,3.00,DH
Oct 5,LAA,OAK,L2-3,CG,4,4,0,1,0,0,0,0,0,0,1,0,0,0,0,0,0,0,.273,.356,.519,.875,3,1.13,-0.050,.00,0.00%,-0.17,3.00,3.00,DH P



