Rk,Gcar,Gtm,Date,Tm,,Opp,Rslt,Inngs,Dec,DR,IP,H,R,ER,BB,SO,HR,HBP,ERA,FIP,BF,Pit,Str,StL,StS,GB,FB,LD,PU,Unk,GSc,IR,IS,SB,CS,PO,AB,2B,3B,IBB,GDP,SF,ROE,aLI,WPA,acLI,cWPA,RE24,DFS(DK),DFS(FD),Entered,Exited
1,36,1,Apr 7,LAA,,HOU,L1-3,GS-5,L(0-1),99,4.2,4,1,1,1,9,0,0,1.93,-0.10,19,80,51,19,12,3,6,4,1,0,60,,,0,0,0,18,2,0,0,0,0,0,.89,0.092,.84,0.05%,1.10,23.50,38.00,1t start tie,5t -2- 2 out d1
2,37,7,Apr 14,LAA,@,TEX,L5-10,GS-4,L(0-2),6,3.2,6,6,6,2,5,1,0,7.56,2.39,20,70,42,12,9,6,7,5,0,0,28,,,0,0,0,18,1,0,0,0,0,1,1.08,-0.382,1.04,-0.22%,-3.42,1.45,8.00,1b start a 2,4b -2- 2 out d3
3,38,13,Apr 20,LAA,@,HOU,W6-0,GS-6,W(1-2),5,6.0,1,0,0,1,12,0,0,4.40,1.23,20,81,55,18,17,1,6,1,1,0,81,,,0,0,0,19,0,0,0,0,0,0,.27,0.110,.29,0.07%,2.87,40.30,64.00,1b start a 6,6b 3 out a6
4,39,19,Apr 27,LAA,,CLE,W9-5,GS-5,W(2-2),6,5.0,5,2,2,1,4,1,0,4.19,2.13,21,86,59,18,7,6,10,5,0,0,52,,,0,0,0,20,1,0,0,0,0,0,.82,-0.018,.89,-0.01%,0.42,15.65,27.00,1t start tie,5t 3 out a5
5,40,27,May 5,LAA,@,BOS,W8-0,GS-7,W(3-2),7,7.0,6,0,0,0,11,0,0,3.08,1.56,28,99,81,17,28,7,10,6,0,0,76,,,0,0,0,28,2,0,0,0,0,0,1.14,0.441,1.35,0.31%,3.58,38.15,64.00,1b start tie,7b 3 out a2
6,41,33,May 11,LAA,,TBR,L2-4,GS-6,,5,6.0,2,1,1,2,5,1,0,2.78,2.12,22,92,57,15,12,6,9,2,4,0,67,,,0,0,0,20,0,0,0,0,0,0,.83,0.185,1.05,0.14%,1.90,19.10,34.00,1t start tie,6t 3 out d1
7,42,40,May 18,LAA,@,TEX,L5-6,GS-6,,6,6.0,6,2,2,2,7,0,1,2.82,2.15,26,94,59,12,13,6,10,1,1,0,57,,,0,0,0,23,2,0,0,1,0,0,1.52,0.058,1.91,0.04%,0.84,18.10,37.00,1b start tie,6b 3 out tie
8,43,46,May 26,LAA,,TOR,L3-6,GS-6,L(3-3),7,6.0,6,5,5,1,10,2,0,3.45,2.48,24,93,61,14,15,2,11,3,1,0,49,,,0,1,0,23,1,0,0,0,0,0,.74,-0.228,.90,-0.17%,-2.10,19.30,33.00,1t start tie,6t 3 out d3
9,44,51,Jun 2(1),LAA,@,NYY,L1-6,GS-4,L(3-4),6,3.0,8,4,4,1,2,3,0,3.99,3.32,17,75,51,6,3,5,9,4,1,0,28,,,0,0,0,16,1,0,0,1,0,0,.72,-0.216,.78,-0.14%,-2.55,-2.65,3.00,1b start tie,4b 12- 0 out d3
10,45,59,Jun 9,LAA,,BOS,W5-2,GS-7,W(4-4),6,7.0,4,1,1,2,6,0,0,3.64,3.19,27,100,62,9,18,10,9,3,0,0,69,,,0,0,0,24,2,0,0,0,1,0,1.26,0.224,.82,0.09%,2.38,26.15,46.00,1t start tie,7t 3 out a4
11,46,65,Jun 16,LAA,@,SEA,W4-1,GS-6,W(5-4),6,6.0,3,0,0,2,6,0,0,3.28,3.08,23,93,55,16,7,6,9,5,0,0,70,,,0,0,0,21,0,0,0,0,0,0,1.03,0.338,.55,0.11%,2.70,26.50,46.00,1b start tie,6b 3 out a2
12,47,72,Jun 22,LAA,,KCR,W5-0,GS-8,W(6-4),5,8.0,2,0,0,1,13,0,0,2.90,2.75,26,108,71,32,12,6,6,2,2,0,90,,,0,0,0,25,0,0,0,1,0,0,1.03,0.490,.54,0.16%,3.87,46.20,73.00,1t start tie,8t 3 out a3
13,48,78,Jun 29,LAA,,CHW,W4-1,GS-6,W(7-4),6,5.2,5,0,0,1,11,0,0,2.68,2.52,23,108,74,18,23,5,6,5,0,0,69,,,0,0,0,22,0,0,0,0,0,0,1.30,0.295,.60,0.08%,2.68,35.15,56.00,1t start tie,6t 1-- 2 out a2
14,49,83,Jul 6,LAA,@,MIA,W5-2,GS-7,W(8-4),6,7.0,2,1,0,3,10,0,0,2.44,2.43,27,100,64,17,21,5,9,3,1,0,78,,,0,0,0,23,1,0,0,0,1,1,.90,0.245,.26,0.04%,2.42,36.75,61.00,1b start tie,7b 3 out a4
15,50,89,Jul 13,LAA,,HOU,W7-1,GS-6,W(9-4),6,6.0,4,1,1,2,12,0,0,2.38,2.27,24,105,69,21,21,6,4,1,0,0,70,,,2,0,0,22,1,0,0,0,0,0,1.06,0.233,.14,0.02%,1.90,35.90,61.00,1t start tie,6t 3 out a2
16,51,93,Jul 22,LAA,@,ATL,L1-8,GS-7,L(9-5),8,6.1,6,6,6,1,11,2,0,2.80,2.40,26,92,68,17,16,5,9,3,0,0,47,,,0,0,0,25,1,0,0,0,0,0,.89,-0.049,.05,0.00%,-2.74,20.05,34.00,1b start tie,7b --- 1 out d6
17,52,99,Jul 28,LAA,,TEX,L0-2,GS-6,L(9-6),5,6.0,8,2,2,0,11,1,0,2.81,2.36,25,98,68,13,20,3,11,5,4,0,59,,,0,0,0,25,1,1,0,1,0,0,1.13,0.030,.07,0.00%,0.90,26.70,49.00,1t start tie,6t 3 out d2
18,53,104,Aug 3,LAA,,OAK,L1-3,GS-6,L(9-7),5,5.2,7,3,2,1,7,1,0,2.83,2.42,25,99,63,16,17,8,9,5,0,0,51,,,0,0,0,24,0,0,0,0,0,1,.96,-0.159,.03,0.00%,-0.53,17.95,32.00,1t start tie,6t 12- 2 out d2
19,54,111,Aug 9,LAA,@,OAK,W5-1,GS-6,W(10-7),5,6.0,4,0,0,3,5,0,0,2.68,2.45,23,91,55,13,11,8,7,3,1,0,66,,,1,0,0,20,0,0,0,1,0,0,.95,0.283,.02,0.00%,2.73,23.30,43.00,1b start tie,6b 3 out a4
20,55,116,Aug 15,LAA,,SEA,L2-6,GS-6,,5,6.0,7,2,2,1,8,1,0,2.69,2.48,26,97,67,19,13,6,11,3,2,0,57,,,0,0,0,25,1,0,0,0,0,0,1.00,0.111,.03,0.00%,0.90,20.70,40.00,1t start tie,6t 3 out tie
21,56,121,Aug 21,LAA,@,DET,L0-4,GS-4,L(10-8),5,4.0,5,3,3,4,2,1,0,2.83,2.67,21,85,47,11,10,4,11,2,4,0,38,,,1,0,0,17,1,1,0,0,0,0,.99,-0.142,.00,0.00%,-1.18,1.60,9.00,1b start tie,4b 3 out d3
22,57,127,Aug 27,LAA,@,TOR,W2-0,GS-7,W(11-8),5,7.0,2,0,0,1,9,0,0,2.67,2.58,25,109,72,20,16,8,7,2,2,0,81,,,0,0,0,24,1,0,0,0,0,1,1.10,0.465,.00,0.00%,3.31,35.95,58.00,1b start tie,7b 3 out a1
23,58,133,Sep 3,LAA,,HOU,W2-1,GS-8,,6,8.0,6,1,1,0,5,0,0,2.58,2.54,30,111,81,19,10,6,18,5,4,0,71,,,0,0,0,29,2,0,0,1,0,0,1.13,0.330,.00,0.00%,2.87,22.40,40.00,1t start tie,8t 3 out tie
24,59,139,Sep 10,LAA,@,HOU,W6-1,GS-5,W(12-8),6,5.0,6,1,1,2,7,0,0,2.55,2.50,21,79,48,13,10,4,8,4,1,0,56,,,0,0,0,19,1,0,0,1,0,0,.90,0.077,.00,0.00%,1.39,22.45,39.00,1b start a 1,5b 3 out a5
25,60,145,Sep 17,LAA,,SEA,W2-1,GS-7,W(13-8),6,7.0,3,0,0,1,8,0,0,2.43,2.44,24,107,73,18,15,10,5,4,0,0,78,,,0,0,0,23,0,0,0,1,0,0,.98,0.407,.00,0.00%,3.38,33.35,55.00,1t start tie,7t 3 out a2
26,61,151,Sep 23,LAA,@,MIN,W4-2,GS-6,W(14-8),5,5.0,3,2,2,6,7,0,1,2.47,2.51,24,100,53,13,13,6,4,2,2,0,54,,,0,0,0,17,0,0,0,1,0,0,1.41,-0.248,.00,0.00%,-1.51,19.25,36.00,1b start tie,6b 123 0 out a1
27,62,156,Sep 29,LAA,,OAK,W4-2,GS-8,W(15-8),5,8.0,2,0,0,1,10,0,0,2.35,2.43,26,108,72,14,16,12,3,0,1,0,87,,,0,0,0,25,0,0,0,1,0,0,.61,0.332,.00,0.00%,3.87,40.20,64.00,1t start tie,8t 3 out a4
28,63,162,Oct 5,LAA,@,OAK,L2-3,GS-5,L(15-9),5,5.0,1,1,1,1,6,0,0,2.33,2.40,17,69,46,7,11,5,5,2,1,0,66,,,0,0,0,15,1,0,0,0,1,0,.90,0.096,.00,0.00%,1.27,20.05,30.00,1b start tie,5b 3 out d1
,,,,,,,16-12,,W-L:15-9,5.7,166.0,124,45,43,44,219,14,2,2.33,2.40,660,2629,66%,17%,15%,0.72,,23%,9%,0,63,,---%,4,1,0,610,23,2,0,10,3,4,1.00,3.400,.44,0.58%,33.22,683.50,1180.00,,

